%YAML:1.0
---
img_height: 1080
img_width: 1920
mtx: !!opencv-matrix
   rows: 3
   cols: 3
   dt: d
   data: [ 1.1516413720243977e+03, 0., 9.3291543948721994e+02, 0.,
       1.1488208579025002e+03, 5.0428136395041639e+02, 0., 0., 1. ]
dist: !!opencv-matrix
   rows: 4
   cols: 1
   dt: d
   data: [ -1.3050956610012637e-01, 1.1920780208158883e-02,
       -3.1020830595562984e-02, 1.6798029858339236e-02 ]
rms_error: 7.6817185223860818e-01
