%YAML:1.0
---
img_height: 1080
img_width: 1920
mtx: !!opencv-matrix
   rows: 3
   cols: 3
   dt: d
   data: [ 1.1596703875659484e+03, 0., 9.766010526348193e+02, 0.,
       1.1605755133617918e+03, 5.843740407129375e+02, 0., 0., 1. ]
dist: !!opencv-matrix
   rows: 4
   cols: 1
   dt: d
   data: [ -1.203244812492042e-01, -4.096448903359533e-02,
       5.585773972925673e-02, -2.7058131316887703e-02 ]
rms_error: 4.9152752995054294e-01
