%YAML:1.0
---
img_height: 1080
img_width: 1920
mtx: !!opencv-matrix
   rows: 3
   cols: 3
   dt: d
   data: [ 1.1649852454668687e+03, 0., 9.7817639520049670e+02, 0.,
       1.1647145614752367e+03, 6.0717753170472179e+02, 0., 0., 1. ]
dist: !!opencv-matrix
   rows: 4
   cols: 1
   dt: d
   data: [ -1.4467604216591287e-01, 6.0585020499366239e-02,
       -1.2235234842749818e-01, 8.5390460839682117e-02 ]
rms_error: 6.4896186321941274e-01
